32
0 0 6 8 2 -1 5 13
0 0 -1 4 12 7 9 3
0 0 8 -1 -1 4 -1 0
0 0 5 -1 1 9 -1 -1
0 0 2 -1 10 12 1 -1
0 0 13 0 -1 3 -1 11
0 0 14 16 8 0 13 23
0 0 1 12 22 15 17 9
0 0 16 18 -1 2 0 6
0 0 3 1 7 17 19 -1
2 51 -1 -1 -1 20 12 4
2 51 21 13 5 -1 -1 -1
2 54 4 10 20 22 7 1
2 54 23 6 0 5 11 21
0 0 24 -1 16 6 23 31
0 0 7 22 30 25 -1 17
0 0 -1 26 18 8 6 14
0 0 9 7 15 -1 27 19
0 0 26 -1 -1 -1 8 16
0 0 -1 9 17 27 -1 -1
0 0 10 -1 -1 28 22 12
0 0 29 23 13 11 -1 -1
0 0 12 20 28 30 15 7
0 0 31 14 6 13 21 29
2 44 -1 -1 -1 14 31 -1
2 44 15 30 -1 -1 -1 -1
0 0 -1 -1 -1 18 16 -1
0 0 19 17 -1 -1 -1 -1
0 0 20 -1 -1 -1 30 22
0 0 -1 31 23 21 -1 -1
0 0 22 28 -1 -1 25 15
0 0 -1 24 14 23 29 -1
1
26
27
0 0 0
0 0 0
0 0 0
0 0 0
0 0 0
0 0 0
0 0 0
0 0 0
0 0 0
0 0 0
51 0 0
51 0 0
54 0 0
54 0 0
0 0 0
0 0 0
0 0 0
0 0 0
0 0 0
0 0 0
0 0 0
0 0 0
0 0 0
0 0 0
44 0 0
44 0 0
0 60 0
0 0 60
0 0 0
0 0 0
0 0 0
0 0 0
